7
0
6
9
5
1
7
0
3
2
7
2
7
9
6
8
8
8
7
9
4
2
3
5
0
0
2
8
1
8
2
0
7
2
0
0
9
1
0
5
1
5
0
3
5
0
2
0
5
3
7
4
1
4
2
5
1
5
2
0
7
2
2
1
8
5
3
5
3
0
6
1
5
2
8
2
5
3
0
8
8
8
6
5
8
1
9
8
1
3
6
0
8
7
5
3
1
8
1
4
0
8
7
3
4
1
4
3
2
2
1
4
7
4
9
3
4
4
2
8
1
2
8
5
2
4
0
5
9
1
5
1
0
2
7
7
1
0
5
4
6
9
7
6
0
4
0
5
1
2
7
0
6
4
7
5
5
4
7
8
1
8
2
4
9
3
1
1
4
9
9
3
7
8
2
6
0
3
4
2
0
0
2
2
5
7
1
3
0
2
0
0
7
8
6
2
8
5
0
5
3
